Length	Count
125.0	318
135.0	116
145.0	130
155.0	290
165.0	2475
175.0	66
185.0	72
195.0	325
205.0	82
215.0	7
225.0	16
235.0	6
245.0	39
255.0	30
265.0	10
275.0	8
285.0	33
295.0	50
305.0	7
315.0	10
325.0	43
335.0	14
345.0	13240
355.0	30
365.0	11
375.0	27
385.0	2
395.0	10
405.0	10
415.0	5
425.0	0
435.0	0
445.0	6
455.0	3
465.0	5
475.0	2
485.0	1
495.0	4
505.0	0
--

Length	Count
264.0	240
274.0	205
284.0	106
294.0	989
304.0	62
314.0	28
324.0	2458
334.0	149
344.0	30651
354.0	79
364.0	28
374.0	5
384.0	7
394.0	19
404.0	95
414.0	257
424.0	25
434.0	6
444.0	0
454.0	3
464.0	0
474.0	3
484.0	51
494.0	26
504.0	0
--

Length	Count
270.0	19
280.0	7
290.0	902
300.0	58
310.0	0
320.0	77
330.0	2
340.0	60627
350.0	82
360.0	14
370.0	61
380.0	10
390.0	1
400.0	0
410.0	0
420.0	39
430.0	0
440.0	0
450.0	2
460.0	0
470.0	11
480.0	0
490.0	6
500.0	0
--

Length	Count
269.0	54
279.0	26
289.0	7
299.0	3
309.0	8
319.0	20
329.0	1
339.0	3064
349.0	40526
359.0	16
369.0	0
379.0	16
389.0	2
399.0	0
409.0	0
419.0	0
429.0	0
439.0	0
449.0	0
459.0	0
469.0	0
479.0	0
489.0	14
499.0	0
--

Length	Count
36.0	22657
46.0	6018
56.0	1663
66.0	875
76.0	1169
86.0	2260
96.0	1932
106.0	616
116.0	1216
126.0	1507
136.0	545
146.0	1958
156.0	525
166.0	227
176.0	1872
186.0	161
196.0	1011
206.0	176
216.0	99
226.0	44
236.0	1
246.0	2
256.0	353
266.0	294
276.0	171
286.0	18
296.0	7833
306.0	12
316.0	7
326.0	3574
336.0	63
346.0	28553
356.0	2
366.0	1
376.0	1
386.0	58
396.0	0
406.0	67
416.0	0
426.0	2
436.0	0
446.0	0
456.0	0
466.0	0
476.0	0
486.0	14
496.0	21
--

Length	Count
247.0	11
257.0	255
267.0	370
277.0	243
287.0	58
297.0	25268
307.0	31
317.0	314
327.0	23686
337.0	146
347.0	15845
357.0	15
367.0	81
377.0	17
387.0	24
397.0	0
407.0	0
417.0	35
427.0	0
437.0	0
447.0	4
457.0	9
467.0	2
477.0	1
487.0	189
497.0	0
--

Length	Count
291.0	31
301.0	1993
311.0	20
321.0	2066
331.0	0
341.0	39016
351.0	4
361.0	3
371.0	0
381.0	0
391.0	0
401.0	10
411.0	8
421.0	0
431.0	0
441.0	0
451.0	2
461.0	0
471.0	1
481.0	0
491.0	18
501.0	0
--

Length	Count
304.0	3
314.0	0
324.0	0
334.0	0
344.0	15674
354.0	1
364.0	0
374.0	0
384.0	0
394.0	0
404.0	0
414.0	0
424.0	0
434.0	0
444.0	0
454.0	1
464.0	0
474.0	0
484.0	1
494.0	7
--

Length	Count
35.0	14090
45.0	2056
55.0	2236
65.0	248
75.0	1320
85.0	492
95.0	2651
105.0	3293
115.0	1172
125.0	557
135.0	3508
145.0	2304
155.0	269
165.0	1140
175.0	839
185.0	2102
195.0	3192
205.0	5575
215.0	6
225.0	188
235.0	960
245.0	235
255.0	100
265.0	0
275.0	0
285.0	143
295.0	1564
305.0	4
315.0	0
325.0	4
335.0	10
345.0	40620
355.0	55
365.0	0
375.0	0
385.0	1
395.0	50
405.0	3
415.0	1
425.0	0
435.0	0
445.0	7
455.0	0
465.0	1
475.0	0
485.0	9
495.0	8
505.0	0
--

Length	Count
263.0	56
273.0	79
283.0	466
293.0	1
303.0	22
313.0	1
323.0	26
333.0	1
343.0	30241
353.0	85
363.0	11
373.0	324
383.0	2
393.0	3
403.0	1
413.0	20
423.0	29
433.0	9
443.0	2
453.0	25
463.0	74
473.0	0
483.0	3
493.0	33
503.0	0
--

Length	Count
263.0	21
273.0	6
283.0	65
293.0	20
303.0	94
313.0	8
323.0	10
333.0	8
343.0	25638
353.0	7
363.0	1
373.0	24
383.0	2
393.0	0
403.0	39
413.0	9
423.0	2
433.0	1
443.0	5
453.0	6
463.0	0
473.0	0
483.0	0
493.0	6
503.0	0
--

Length	Count
269.0	15
279.0	583
289.0	334
299.0	1922
309.0	95
319.0	700
329.0	160
339.0	1164
349.0	14336
359.0	6
369.0	1
379.0	0
389.0	38
399.0	0
409.0	0
419.0	7
429.0	0
439.0	0
449.0	140
459.0	0
469.0	2
479.0	1
489.0	24
499.0	0
--

Length	Count
104.0	738
114.0	496
124.0	1351
134.0	541
144.0	385
154.0	546
164.0	502
174.0	107
184.0	242
194.0	64
204.0	266
214.0	33
224.0	57
234.0	4
244.0	1515
254.0	121
264.0	90
274.0	28
284.0	61
294.0	79
304.0	34
314.0	2
324.0	34
334.0	4
344.0	56317
354.0	8
364.0	0
374.0	4
384.0	9
394.0	0
404.0	11
414.0	8
424.0	2
434.0	0
444.0	1
454.0	7
464.0	0
474.0	4
484.0	5
494.0	5
504.0	0
--

Length	Count
263.0	160
273.0	251
283.0	358
293.0	50
303.0	120
313.0	59
323.0	22
333.0	6
343.0	38746
353.0	8
363.0	59
373.0	29
383.0	20
393.0	2
403.0	0
413.0	0
423.0	12
433.0	4
443.0	0
453.0	3
463.0	0
473.0	0
483.0	1
493.0	2
503.0	0
--

Length	Count
263.0	6
273.0	35
283.0	2
293.0	34
303.0	13
313.0	1
323.0	9
333.0	0
343.0	36861
353.0	9
363.0	8
373.0	0
383.0	0
393.0	0
403.0	5
413.0	1
423.0	1
433.0	2
443.0	1
453.0	2
463.0	0
473.0	0
483.0	1
493.0	2
503.0	0
--

Length	Count
264.0	24
274.0	1
284.0	4
294.0	30
304.0	1
314.0	0
324.0	11
334.0	3
344.0	22054
354.0	3
364.0	55
374.0	20
384.0	0
394.0	210
404.0	0
414.0	0
424.0	0
434.0	56
444.0	0
454.0	3
464.0	0
474.0	3
484.0	31
494.0	9
504.0	0
--

Length	Count
117.0	109
127.0	762
137.0	25
147.0	1637
157.0	254
167.0	284
177.0	749
187.0	239
197.0	115
207.0	5
217.0	120
227.0	5
237.0	0
247.0	83
257.0	435
267.0	251
277.0	168
287.0	162
297.0	297
307.0	7
317.0	18
327.0	161
337.0	291
347.0	27329
357.0	173
367.0	32
377.0	128
387.0	75
397.0	2
407.0	8
417.0	15
427.0	1
437.0	0
447.0	5
457.0	0
467.0	0
477.0	0
487.0	12
497.0	0
--

Length	Count
266.0	299
276.0	181
286.0	311
296.0	26
306.0	24
316.0	102
326.0	205
336.0	28
346.0	21786
356.0	76
366.0	4
376.0	3
386.0	20
396.0	39
406.0	10
416.0	22
426.0	2
436.0	4
446.0	8
456.0	11
466.0	3
476.0	0
486.0	32
496.0	0
--

Length	Count
270.0	2
280.0	189
290.0	1
300.0	0
310.0	0
320.0	1
330.0	1
340.0	17668
350.0	401
360.0	5
370.0	0
380.0	39
390.0	8
400.0	0
410.0	32
420.0	98
430.0	0
440.0	1
450.0	3
460.0	0
470.0	0
480.0	0
490.0	13
500.0	0
--

Length	Count
263.0	1811
273.0	0
283.0	1
293.0	63
303.0	0
313.0	0
323.0	0
333.0	0
343.0	35341
353.0	24
363.0	0
373.0	0
383.0	0
393.0	0
403.0	0
413.0	42
423.0	0
433.0	0
443.0	16
453.0	1
463.0	0
473.0	0
483.0	1
493.0	16
503.0	0
--

Length	Count
269.0	21
279.0	124
289.0	0
299.0	143
309.0	0
319.0	3
329.0	4
339.0	2753
349.0	37434
359.0	7
369.0	0
379.0	0
389.0	6
399.0	163
409.0	0
419.0	3
429.0	1
439.0	53
449.0	2
459.0	79
469.0	8
479.0	1
489.0	11
499.0	0
--

Length	Count
263.0	6982
273.0	15
283.0	528
293.0	14
303.0	98
313.0	2
323.0	235
333.0	2
343.0	14511
353.0	7
363.0	14
373.0	0
383.0	2
393.0	7
403.0	21
413.0	31
423.0	1
433.0	0
443.0	1
453.0	0
463.0	0
473.0	3
483.0	4
493.0	18
503.0	0
--

Length	Count
286.0	4244
296.0	4795
306.0	26
316.0	9
326.0	2086
336.0	17
346.0	29404
356.0	1
366.0	19
376.0	240
386.0	279
396.0	1
406.0	0
416.0	0
426.0	2
436.0	1
446.0	3
456.0	0
466.0	0
476.0	0
486.0	12
496.0	0
--

Length	Count
35.0	597
45.0	31
55.0	50
65.0	29
75.0	11
85.0	16
95.0	60
105.0	39
115.0	15
125.0	91
135.0	81
145.0	103
155.0	23
165.0	57
175.0	9
185.0	118
195.0	0
205.0	3
215.0	6
225.0	0
235.0	0
245.0	1
255.0	0
265.0	0
275.0	0
285.0	0
295.0	50
305.0	0
315.0	0
325.0	0
335.0	68
345.0	15606
355.0	1
365.0	0
375.0	0
385.0	0
395.0	0
405.0	13
415.0	1
425.0	0
435.0	0
445.0	2
455.0	0
465.0	0
475.0	0
485.0	4
495.0	1
--

Length	Count
35.0	6325
45.0	571
55.0	989
65.0	617
75.0	747
85.0	907
95.0	1072
105.0	797
115.0	1172
125.0	906
135.0	865
145.0	840
155.0	602
165.0	588
175.0	589
185.0	515
195.0	126
205.0	88
215.0	145
225.0	104
235.0	67
245.0	122
255.0	218
265.0	197
275.0	187
285.0	103
295.0	105
305.0	99
315.0	93
325.0	218
335.0	62
345.0	14849
355.0	13
365.0	10
375.0	27
385.0	8
395.0	23
405.0	17
415.0	6
425.0	4
435.0	5
445.0	3
455.0	0
465.0	10
475.0	2
485.0	5
495.0	6
505.0	0
--

Length	Count
265.0	62
275.0	4
285.0	8
295.0	40
305.0	3
315.0	8
325.0	0
335.0	56
345.0	54768
355.0	4
365.0	284
375.0	3
385.0	12
395.0	4
405.0	2
415.0	13
425.0	0
435.0	0
445.0	5
455.0	0
465.0	0
475.0	1
485.0	6
495.0	1
--

Length	Count
268.0	158
278.0	28
288.0	4028
298.0	3197
308.0	68
318.0	303
328.0	3355
338.0	611
348.0	54444
358.0	20
368.0	3
378.0	1
388.0	2
398.0	0
408.0	1
418.0	59
428.0	0
438.0	0
448.0	1
458.0	0
468.0	0
478.0	0
488.0	48
498.0	0
--

Length	Count
35.0	39508
45.0	4219
55.0	2538
65.0	994
75.0	1081
85.0	1017
95.0	1140
105.0	1101
115.0	283
125.0	525
135.0	887
145.0	1144
155.0	260
165.0	71
175.0	305
185.0	18
195.0	288
205.0	6
215.0	13
225.0	1
235.0	137
245.0	110
255.0	176
265.0	134
275.0	9
285.0	142
295.0	2309
305.0	11
315.0	41
325.0	3176
335.0	8
345.0	28968
355.0	13
365.0	4
375.0	50
385.0	2
395.0	91
405.0	13
415.0	0
425.0	4
435.0	8
445.0	5
455.0	0
465.0	1
475.0	1
485.0	6
495.0	22
505.0	0
--

Length	Count
80.0	168
90.0	626
100.0	335
110.0	476
120.0	3000
130.0	964
140.0	3131
150.0	391
160.0	1549
170.0	1024
180.0	452
190.0	871
200.0	2354
210.0	582
220.0	82
230.0	96
240.0	526
250.0	2552
260.0	488
270.0	1015
280.0	128
290.0	285
300.0	187
310.0	758
320.0	257
330.0	263
340.0	13265
350.0	720
360.0	76
370.0	306
380.0	255
390.0	35
400.0	49
410.0	232
420.0	17
430.0	38
440.0	4
450.0	12
460.0	45
470.0	5
480.0	86
490.0	28
500.0	0
--

Length	Count
282.0	1
292.0	8
302.0	22
312.0	2
322.0	5
332.0	2
342.0	16841
352.0	18
362.0	121
372.0	0
382.0	0
392.0	1
402.0	0
412.0	1
422.0	2
432.0	0
442.0	0
452.0	11
462.0	1
472.0	0
482.0	1
492.0	4
502.0	0
--

Length	Count
81.0	33
91.0	11
101.0	370
111.0	156
121.0	0
131.0	214
141.0	368
151.0	252
161.0	854
171.0	205
181.0	1
191.0	97
201.0	571
211.0	0
221.0	0
231.0	9
241.0	0
251.0	2
261.0	0
271.0	138
281.0	27
291.0	328
301.0	0
311.0	16
321.0	61
331.0	0
341.0	21846
351.0	6
361.0	13
371.0	41
381.0	0
391.0	0
401.0	0
411.0	0
421.0	5
431.0	1
441.0	1
451.0	4
461.0	3
471.0	0
481.0	0
491.0	28
501.0	0
--

Length	Count
304.0	3
314.0	0
324.0	0
334.0	0
344.0	1432
354.0	0
364.0	0
374.0	0
384.0	0
394.0	0
404.0	0
414.0	0
424.0	0
434.0	0
444.0	0
454.0	0
464.0	0
474.0	0
484.0	2
494.0	1
--

Length	Count
149.0	1166
159.0	2549
169.0	313
179.0	52
189.0	833
199.0	940
209.0	88
219.0	1
229.0	35
239.0	1
249.0	278
259.0	10
269.0	226
279.0	129
289.0	0
299.0	3
309.0	3
319.0	28
329.0	191
339.0	1773
349.0	21580
359.0	3
369.0	5
379.0	0
389.0	18
399.0	0
409.0	2
419.0	3
429.0	2
439.0	0
449.0	4
459.0	1
469.0	174
479.0	8
489.0	37
499.0	0
--

Length	Count
42.0	15110
52.0	7450
62.0	959
72.0	790
82.0	1493
92.0	1876
102.0	890
112.0	213
122.0	1005
132.0	575
142.0	552
152.0	1480
162.0	118
172.0	211
182.0	249
192.0	195
202.0	107
212.0	38
222.0	13
232.0	3
242.0	9
252.0	12
262.0	38
272.0	0
282.0	366
292.0	19
302.0	4106
312.0	0
322.0	4657
332.0	3
342.0	18363
352.0	2
362.0	1
372.0	0
382.0	0
392.0	10
402.0	0
412.0	0
422.0	0
432.0	6
442.0	0
452.0	0
462.0	5
472.0	0
482.0	2
492.0	28
502.0	0
--

Length	Count
263.0	14
273.0	3
283.0	4
293.0	2
303.0	11
313.0	0
323.0	62
333.0	6
343.0	63130
353.0	3
363.0	0
373.0	1
383.0	1
393.0	0
403.0	0
413.0	0
423.0	2
433.0	0
443.0	0
453.0	3
463.0	1
473.0	0
483.0	1
493.0	8
503.0	0
--

Length	Count
35.0	12161
45.0	1012
55.0	891
65.0	590
75.0	296
85.0	491
95.0	181
105.0	516
115.0	145
125.0	323
135.0	1998
145.0	1130
155.0	675
165.0	506
175.0	368
185.0	484
195.0	231
205.0	333
215.0	341
225.0	15
235.0	19
245.0	433
255.0	213
265.0	1814
275.0	10
285.0	266
295.0	140
305.0	171
315.0	0
325.0	127
335.0	119
345.0	47715
355.0	5
365.0	332
375.0	25
385.0	232
395.0	124
405.0	2
415.0	28
425.0	280
435.0	220
445.0	4
455.0	1
465.0	9
475.0	4
485.0	45
495.0	12
505.0	0
--

Length	Count
269.0	18
279.0	14
289.0	966
299.0	4203
309.0	1
319.0	2
329.0	3
339.0	706
349.0	9151
359.0	3
369.0	199
379.0	6
389.0	3
399.0	2
409.0	0
419.0	3
429.0	0
439.0	0
449.0	2
459.0	1
469.0	0
479.0	1
489.0	22
499.0	0
--

Length	Count
204.0	87
214.0	7
224.0	1
234.0	7
244.0	236
254.0	10
264.0	761
274.0	15
284.0	8
294.0	21
304.0	48
314.0	2
324.0	1
334.0	10
344.0	32724
354.0	0
364.0	14
374.0	1
384.0	9
394.0	1
404.0	0
414.0	1
424.0	0
434.0	1
444.0	0
454.0	2
464.0	1
474.0	0
484.0	4
494.0	11
504.0	0
--

Length	Count
35.0	1553
45.0	53
55.0	177
65.0	50
75.0	14
85.0	84
95.0	487
105.0	8
115.0	436
125.0	42
135.0	115
145.0	665
155.0	44
165.0	5
175.0	594
185.0	256
195.0	910
205.0	1
215.0	0
225.0	0
235.0	0
245.0	65
255.0	475
265.0	0
275.0	101
285.0	51
295.0	6
305.0	118
315.0	0
325.0	0
335.0	0
345.0	24293
355.0	191
365.0	0
375.0	0
385.0	9
395.0	14
405.0	0
415.0	13
425.0	0
435.0	1
445.0	6
455.0	2
465.0	53
475.0	0
485.0	3
495.0	2
--

Length	Count
263.0	48
273.0	0
283.0	118
293.0	5
303.0	1
313.0	7
323.0	0
333.0	4
343.0	52628
353.0	2
363.0	1
373.0	22
383.0	12
393.0	11
403.0	18
413.0	0
423.0	8
433.0	2
443.0	0
453.0	2
463.0	9
473.0	0
483.0	2
493.0	27
503.0	0
--

Length	Count
263.0	147
273.0	120
283.0	317
293.0	2
303.0	13
313.0	2
323.0	26
333.0	21
343.0	56446
353.0	4
363.0	0
373.0	0
383.0	9
393.0	28
403.0	1
413.0	56
423.0	1
433.0	0
443.0	0
453.0	4
463.0	0
473.0	0
483.0	2
493.0	10
503.0	0
--

Length	Count
263.0	43
273.0	21
283.0	48
293.0	63
303.0	61
313.0	129
323.0	114
333.0	29
343.0	6657
353.0	85
363.0	27
373.0	145
383.0	4
393.0	26
403.0	31
413.0	23
423.0	58
433.0	4
443.0	0
453.0	6
463.0	22
473.0	14
483.0	2
493.0	24
503.0	0
--

Length	Count
35.0	21588
45.0	4372
55.0	2331
65.0	693
75.0	2529
85.0	875
95.0	2196
105.0	2362
115.0	650
125.0	908
135.0	1840
145.0	1433
155.0	76
165.0	821
175.0	497
185.0	1584
195.0	476
205.0	39
215.0	9
225.0	151
235.0	20
245.0	5
255.0	252
265.0	132
275.0	3
285.0	206
295.0	20
305.0	57
315.0	395
325.0	1549
335.0	63
345.0	30806
355.0	20
365.0	2
375.0	19
385.0	0
395.0	5
405.0	13
415.0	4
425.0	33
435.0	18
445.0	4
455.0	0
465.0	0
475.0	14
485.0	14
495.0	20
505.0	0
--

Length	Count
35.0	5053
45.0	363
55.0	836
65.0	284
75.0	128
85.0	255
95.0	590
105.0	1344
115.0	80
125.0	687
135.0	518
145.0	2976
155.0	206
165.0	249
175.0	5
185.0	1
195.0	14
205.0	35
215.0	7
225.0	223
235.0	73
245.0	253
255.0	20
265.0	25
275.0	140
285.0	535
295.0	2509
305.0	9
315.0	417
325.0	2447
335.0	26
345.0	43760
355.0	1
365.0	3
375.0	1
385.0	1
395.0	8
405.0	6
415.0	34
425.0	3
435.0	0
445.0	10
455.0	0
465.0	0
475.0	0
485.0	11
495.0	17
505.0	0
--

Length	Count
219.0	308
229.0	15
239.0	31
249.0	9
259.0	5
269.0	45
279.0	81
289.0	27502
299.0	2327
309.0	116
319.0	2481
329.0	70
339.0	2277
349.0	28501
359.0	3
369.0	5
379.0	9
389.0	2
399.0	2
409.0	0
419.0	1
429.0	1
439.0	0
449.0	1
459.0	0
469.0	0
479.0	1
489.0	52
499.0	0
--

Length	Count
262.0	300
272.0	103
282.0	23
292.0	56
302.0	86
312.0	33
322.0	101
332.0	1
342.0	59414
352.0	39
362.0	27
372.0	4
382.0	0
392.0	0
402.0	0
412.0	89
422.0	0
432.0	1
442.0	0
452.0	1
462.0	0
472.0	1
482.0	0
492.0	9
502.0	0
--

Length	Count
263.0	567
273.0	90
283.0	148
293.0	160
303.0	84
313.0	92
323.0	207
333.0	439
343.0	21040
353.0	47
363.0	64
373.0	41
383.0	31
393.0	354
403.0	23
413.0	11
423.0	0
433.0	3
443.0	3
453.0	8
463.0	1
473.0	12
483.0	2
493.0	20
503.0	0
--

Length	Count
35.0	17651
45.0	2411
55.0	1781
65.0	496
75.0	1372
85.0	754
95.0	1228
105.0	1823
115.0	136
125.0	1143
135.0	1272
145.0	1124
155.0	552
165.0	966
175.0	41
185.0	261
195.0	553
205.0	20
215.0	77
225.0	27
235.0	1
245.0	94
255.0	5
265.0	1482
275.0	96
285.0	434
295.0	528
305.0	80
315.0	33
325.0	1193
335.0	23
345.0	29101
355.0	3
365.0	82
375.0	1
385.0	56
395.0	0
405.0	0
415.0	1
425.0	0
435.0	0
445.0	4
455.0	0
465.0	8
475.0	1
485.0	5
495.0	7
505.0	0
--

Length	Count
287.0	81
297.0	286
307.0	107
317.0	0
327.0	2
337.0	268
347.0	35193
357.0	1
367.0	6
377.0	0
387.0	0
397.0	0
407.0	0
417.0	0
427.0	10
437.0	0
447.0	1
457.0	0
467.0	0
477.0	4
487.0	19
497.0	0
--

Length	Count
265.0	18
275.0	10
285.0	898
295.0	782
305.0	4
315.0	18
325.0	142
335.0	17
345.0	57383
355.0	51
365.0	0
375.0	5
385.0	10
395.0	3
405.0	17
415.0	1
425.0	0
435.0	0
445.0	4
455.0	0
465.0	0
475.0	0
485.0	17
495.0	3
505.0	0
--

Length	Count
264.0	18
274.0	4
284.0	0
294.0	42
304.0	800
314.0	0
324.0	559
334.0	4
344.0	58114
354.0	47
364.0	0
374.0	5
384.0	0
394.0	1
404.0	0
414.0	0
424.0	3
434.0	0
444.0	0
454.0	1
464.0	2
474.0	0
484.0	1
494.0	14
504.0	0
--

Length	Count
226.0	448
236.0	225
246.0	90
256.0	632
266.0	364
276.0	901
286.0	816
296.0	231
306.0	356
316.0	97
326.0	395
336.0	28
346.0	5528
356.0	110
366.0	232
376.0	252
386.0	89
396.0	39
406.0	12
416.0	3
426.0	34
436.0	19
446.0	7
456.0	6
466.0	10
476.0	58
486.0	53
496.0	13
--

Length	Count
35.0	16081
45.0	1860
55.0	907
65.0	270
75.0	541
85.0	243
95.0	620
105.0	412
115.0	127
125.0	447
135.0	266
145.0	599
155.0	219
165.0	210
175.0	169
185.0	28
195.0	155
205.0	176
215.0	89
225.0	54
235.0	5
245.0	22
255.0	0
265.0	15
275.0	26
285.0	3063
295.0	2029
305.0	1
315.0	2
325.0	1173
335.0	155
345.0	59313
355.0	2
365.0	0
375.0	0
385.0	45
395.0	0
405.0	0
415.0	0
425.0	4
435.0	0
445.0	1
455.0	3
465.0	0
475.0	3
485.0	16
495.0	17
505.0	0
--

Length	Count
35.0	2713
45.0	223
55.0	477
65.0	509
75.0	3782
85.0	1536
95.0	660
105.0	2186
115.0	2323
125.0	1330
135.0	905
145.0	4057
155.0	1207
165.0	857
175.0	749
185.0	159
195.0	2222
205.0	165
215.0	129
225.0	166
235.0	36
245.0	140
255.0	596
265.0	59
275.0	4
285.0	76
295.0	65
305.0	137
315.0	15
325.0	70
335.0	71
345.0	20354
355.0	4
365.0	4
375.0	25
385.0	54
395.0	0
405.0	20
415.0	42
425.0	2
435.0	96
445.0	5
455.0	1
465.0	10
475.0	8
485.0	9
495.0	13
505.0	0
--

Length	Count
264.0	7
274.0	36
284.0	492
294.0	17
304.0	12
314.0	3
324.0	15
334.0	2
344.0	56773
354.0	4
364.0	25
374.0	0
384.0	2
394.0	0
404.0	0
414.0	16
424.0	1
434.0	0
444.0	1
454.0	0
464.0	0
474.0	0
484.0	0
494.0	14
504.0	0
--

Length	Count
76.0	70
86.0	499
96.0	182
106.0	652
116.0	191
126.0	167
136.0	1365
146.0	265
156.0	408
166.0	1
176.0	1
186.0	1
196.0	5
206.0	0
216.0	2
226.0	8
236.0	57
246.0	7
256.0	1
266.0	0
276.0	8
286.0	142
296.0	0
306.0	0
316.0	1
326.0	0
336.0	8
346.0	19513
356.0	4
366.0	0
376.0	0
386.0	0
396.0	0
406.0	5
416.0	1
426.0	0
436.0	0
446.0	1
456.0	0
466.0	0
476.0	1
486.0	4
496.0	0
--

Length	Count
65.0	464
75.0	581
85.0	431
95.0	1294
105.0	919
115.0	835
125.0	849
135.0	654
145.0	1570
155.0	123
165.0	4
175.0	277
185.0	233
195.0	49
205.0	0
215.0	0
225.0	6
235.0	1
245.0	0
255.0	0
265.0	2
275.0	302
285.0	1431
295.0	256
305.0	7
315.0	0
325.0	104
335.0	4
345.0	9526
355.0	0
365.0	2
375.0	0
385.0	21
395.0	0
405.0	0
415.0	0
425.0	1
435.0	0
445.0	1
455.0	0
465.0	0
475.0	0
485.0	3
495.0	6
505.0	0
--

Length	Count
35.0	3893
45.0	382
55.0	749
65.0	62
75.0	210
85.0	400
95.0	318
105.0	274
115.0	717
125.0	319
135.0	87
145.0	2480
155.0	755
165.0	119
175.0	2201
185.0	129
195.0	544
205.0	9
215.0	4
225.0	5
235.0	68
245.0	465
255.0	3
265.0	1573
275.0	23
285.0	22
295.0	0
305.0	463
315.0	35
325.0	198
335.0	6
345.0	15655
355.0	3
365.0	0
375.0	31
385.0	26
395.0	0
405.0	0
415.0	159
425.0	1
435.0	1
445.0	0
455.0	0
465.0	3
475.0	2
485.0	11
495.0	6
505.0	0
--

Length	Count
264.0	10
274.0	1
284.0	14
294.0	3
304.0	10
314.0	1
324.0	9
334.0	3
344.0	64923
354.0	5
364.0	1
374.0	0
384.0	3
394.0	1
404.0	0
414.0	2
424.0	5
434.0	0
444.0	0
454.0	3
464.0	0
474.0	0
484.0	4
494.0	12
504.0	0
--

Length	Count
373.0	3
383.0	1
393.0	0
403.0	2
413.0	1
423.0	598
433.0	4
443.0	7
453.0	2153
463.0	1
473.0	1
483.0	5
493.0	65
503.0	0
--

Length	Count
264.0	15
274.0	765
284.0	173
294.0	134
304.0	2638
314.0	138
324.0	1395
334.0	72
344.0	22391
354.0	10
364.0	24
374.0	376
384.0	146
394.0	12
404.0	29
414.0	1
424.0	5
434.0	29
444.0	2
454.0	5
464.0	11
474.0	40
484.0	5
494.0	27
504.0	0
--

Length	Count
39.0	7711
49.0	4032
59.0	196
69.0	1943
79.0	566
89.0	175
99.0	3661
109.0	10
119.0	179
129.0	567
139.0	447
149.0	53
159.0	1006
169.0	2
179.0	191
189.0	14
199.0	3844
209.0	10
219.0	0
229.0	0
239.0	113
249.0	61
259.0	0
269.0	43
279.0	1
289.0	17
299.0	0
309.0	1
319.0	11
329.0	30
339.0	1657
349.0	21571
359.0	10
369.0	795
379.0	61
389.0	165
399.0	0
409.0	18
419.0	21
429.0	2
439.0	143
449.0	37
459.0	16
469.0	0
479.0	3
489.0	72
499.0	0
--

Length	Count
263.0	6
273.0	7
283.0	53
293.0	1
303.0	5
313.0	2
323.0	622
333.0	6
343.0	33650
353.0	4
363.0	27
373.0	41
383.0	0
393.0	193
403.0	0
413.0	0
423.0	0
433.0	0
443.0	0
453.0	1
463.0	0
473.0	4
483.0	0
493.0	13
503.0	0
--

Length	Count
35.0	51015
45.0	2577
55.0	2473
65.0	1298
75.0	156
85.0	486
95.0	5
105.0	982
115.0	1
125.0	103
135.0	65
145.0	97
155.0	10
165.0	1
175.0	94
185.0	36
195.0	2
205.0	1
215.0	0
225.0	96
235.0	1
245.0	0
255.0	0
265.0	50
275.0	81
285.0	1
295.0	1675
305.0	6
315.0	0
325.0	37
335.0	40
345.0	19046
355.0	0
365.0	44
375.0	0
385.0	0
395.0	0
405.0	3
415.0	0
425.0	0
435.0	125
445.0	1
455.0	0
465.0	69
475.0	2
485.0	5
495.0	2
505.0	0
--

Length	Count
89.0	86
99.0	415
109.0	240
119.0	363
129.0	340
139.0	556
149.0	277
159.0	551
169.0	460
179.0	789
189.0	882
199.0	198
209.0	564
219.0	38
229.0	38
239.0	8
249.0	541
259.0	1913
269.0	208
279.0	13
289.0	62
299.0	446
309.0	228
319.0	90
329.0	46
339.0	1823
349.0	26695
359.0	473
369.0	33
379.0	0
389.0	0
399.0	2
409.0	7
419.0	4
429.0	39
439.0	0
449.0	0
459.0	1
469.0	1
479.0	0
489.0	16
499.0	0
--

Length	Count
264.0	3
274.0	76
284.0	12985
294.0	118
304.0	1475
314.0	134
324.0	1050
334.0	15
344.0	48830
354.0	0
364.0	8
374.0	0
384.0	0
394.0	0
404.0	0
414.0	7
424.0	0
434.0	0
444.0	0
454.0	3
464.0	0
474.0	0
484.0	4
494.0	24
504.0	0
--

Length	Count
273.0	9
283.0	0
293.0	31
303.0	543
313.0	0
323.0	27
333.0	0
343.0	41055
353.0	6
363.0	8
373.0	10
383.0	76
393.0	0
403.0	1
413.0	0
423.0	29
433.0	0
443.0	0
453.0	14
463.0	1
473.0	23
483.0	2
493.0	18
503.0	0
--

Length	Count
266.0	11
276.0	4
286.0	25
296.0	7
306.0	16
316.0	2
326.0	0
336.0	59
346.0	47853
356.0	10
366.0	1
376.0	3
386.0	1
396.0	0
406.0	16
416.0	0
426.0	0
436.0	0
446.0	2
456.0	0
466.0	1
476.0	1
486.0	8
496.0	0
--

Length	Count
82.0	17
92.0	97
102.0	512
112.0	9
122.0	10
132.0	5
142.0	10
152.0	19
162.0	25
172.0	149
182.0	6
192.0	2
202.0	1
212.0	3
222.0	9
232.0	0
242.0	5
252.0	72
262.0	21
272.0	28
282.0	33
292.0	1
302.0	0
312.0	1
322.0	14
332.0	0
342.0	2
352.0	12
362.0	0
372.0	0
382.0	3
392.0	1
402.0	0
412.0	0
422.0	514
432.0	0
442.0	1
452.0	2453
462.0	1
472.0	0
482.0	0
492.0	13
502.0	0
--

Length	Count
263.0	8
273.0	115
283.0	21
293.0	4
303.0	22
313.0	1
323.0	603
333.0	10
343.0	59232
353.0	13
363.0	38
373.0	19
383.0	2
393.0	24
403.0	7
413.0	0
423.0	9
433.0	0
443.0	5
453.0	3
463.0	0
473.0	0
483.0	2
493.0	5
503.0	0
--

Length	Count
271.0	12
281.0	1
291.0	1
301.0	21
311.0	5
321.0	66
331.0	0
341.0	44888
351.0	1
361.0	1
371.0	14
381.0	0
391.0	0
401.0	2
411.0	0
421.0	4
431.0	3
441.0	1
451.0	2
461.0	0
471.0	1
481.0	3
491.0	7
501.0	0
--

Length	Count
80.0	804
90.0	1535
100.0	5462
110.0	388
120.0	690
130.0	534
140.0	83
150.0	224
160.0	1557
170.0	74
180.0	195
190.0	49
200.0	2063
210.0	9
220.0	17
230.0	0
240.0	163
250.0	0
260.0	669
270.0	475
280.0	1
290.0	22
300.0	772
310.0	1
320.0	297
330.0	2
340.0	17359
350.0	36
360.0	8
370.0	131
380.0	0
390.0	64
400.0	0
410.0	0
420.0	0
430.0	0
440.0	0
450.0	3
460.0	0
470.0	0
480.0	0
490.0	23
500.0	0
--

Length	Count
268.0	2
278.0	13
288.0	93
298.0	216
308.0	0
318.0	8
328.0	61
338.0	512
348.0	51072
358.0	2
368.0	0
378.0	1
388.0	0
398.0	1
408.0	0
418.0	7
428.0	0
438.0	0
448.0	2
458.0	12
468.0	1
478.0	0
488.0	22
498.0	0
--

Length	Count
80.0	3697
90.0	5160
100.0	1625
110.0	3305
120.0	3554
130.0	1796
140.0	5837
150.0	3775
160.0	1929
170.0	2342
180.0	572
190.0	447
200.0	443
210.0	488
220.0	313
230.0	36
240.0	245
250.0	252
260.0	12
270.0	517
280.0	2328
290.0	1135
300.0	42
310.0	62
320.0	19
330.0	49
340.0	46765
350.0	54
360.0	140
370.0	5
380.0	7
390.0	0
400.0	0
410.0	1
420.0	9
430.0	1
440.0	86
450.0	16
460.0	0
470.0	78
480.0	0
490.0	13
500.0	0
--

Length	Count
263.0	8
273.0	84
283.0	1421
293.0	74
303.0	26
313.0	21
323.0	101
333.0	796
343.0	40024
353.0	88
363.0	0
373.0	14
383.0	9
393.0	91
403.0	668
413.0	136
423.0	0
433.0	0
443.0	15
453.0	22
463.0	0
473.0	4
483.0	0
493.0	23
503.0	0
--

Length	Count
35.0	16107
45.0	2118
55.0	6749
65.0	650
75.0	799
85.0	1303
95.0	3341
105.0	3004
115.0	2559
125.0	982
135.0	656
145.0	7684
155.0	15
165.0	148
175.0	741
185.0	2
195.0	29
205.0	145
215.0	249
225.0	69
235.0	399
245.0	158
255.0	7
265.0	388
275.0	1
285.0	0
295.0	13143
305.0	21
315.0	4
325.0	6886
335.0	1
345.0	8582
355.0	0
365.0	0
375.0	9
385.0	1
395.0	1
405.0	19
415.0	0
425.0	1
435.0	0
445.0	2
455.0	0
465.0	0
475.0	0
485.0	17
495.0	124
505.0	0
--

Length	Count
50.0	1361
60.0	1518
70.0	1712
80.0	2916
90.0	4385
100.0	2168
110.0	859
120.0	8220
130.0	3230
140.0	4470
150.0	1591
160.0	1984
170.0	2076
180.0	1494
190.0	1477
200.0	1637
210.0	578
220.0	292
230.0	209
240.0	90
250.0	4265
260.0	280
270.0	600
280.0	283
290.0	1850
300.0	92
310.0	43
320.0	158
330.0	103
340.0	16611
350.0	104
360.0	25
370.0	19
380.0	48
390.0	10
400.0	12
410.0	21
420.0	3
430.0	0
440.0	0
450.0	4
460.0	4
470.0	1
480.0	0
490.0	27
500.0	0
--

Length	Count
263.0	10
273.0	29
283.0	2
293.0	0
303.0	11
313.0	0
323.0	8
333.0	45
343.0	63649
353.0	14
363.0	10
373.0	25
383.0	0
393.0	0
403.0	2
413.0	0
423.0	2
433.0	0
443.0	0
453.0	2
463.0	0
473.0	2
483.0	3
493.0	16
503.0	0
--

Length	Count
264.0	240
274.0	136
284.0	182
294.0	272
304.0	394
314.0	28
324.0	534
334.0	4
344.0	35172
354.0	16
364.0	102
374.0	12
384.0	2
394.0	19
404.0	9
414.0	0
424.0	2
434.0	11
444.0	1
454.0	3
464.0	0
474.0	0
484.0	3
494.0	10
504.0	0
--

Length	Count
264.0	401
274.0	74
284.0	0
294.0	6
304.0	115
314.0	5
324.0	405
334.0	1
344.0	27908
354.0	12
364.0	0
374.0	0
384.0	239
394.0	70
404.0	0
414.0	0
424.0	19
434.0	2
444.0	8
454.0	3
464.0	6
474.0	0
484.0	7
494.0	12
504.0	0
--

Length	Count
60.0	3158
70.0	2664
80.0	5330
90.0	3536
100.0	740
110.0	1615
120.0	1412
130.0	679
140.0	546
150.0	1153
160.0	1883
170.0	1112
180.0	492
190.0	413
200.0	143
210.0	206
220.0	437
230.0	4
240.0	22
250.0	71
260.0	50
270.0	12
280.0	3
290.0	437
300.0	21
310.0	2
320.0	1
330.0	9
340.0	10880
350.0	13
360.0	29
370.0	3
380.0	48
390.0	0
400.0	0
410.0	0
420.0	19
430.0	707
440.0	3
450.0	2
460.0	0
470.0	5
480.0	1
490.0	5
500.0	0
--

Length	Count
263.0	1104
273.0	17
283.0	27
293.0	41
303.0	3300
313.0	0
323.0	6
333.0	26
343.0	48179
353.0	1
363.0	52
373.0	121
383.0	0
393.0	1
403.0	0
413.0	4
423.0	0
433.0	0
443.0	1
453.0	3
463.0	0
473.0	0
483.0	1
493.0	14
503.0	0
--

Length	Count
288.0	20
298.0	149
308.0	0
318.0	0
328.0	0
338.0	471
348.0	60262
358.0	2
368.0	0
378.0	0
388.0	0
398.0	14
408.0	1
418.0	2
428.0	32
438.0	0
448.0	7
458.0	0
468.0	5
478.0	1
488.0	6
498.0	0
--

Length	Count
291.0	697
301.0	3099
311.0	0
321.0	1225
331.0	3
341.0	24370
351.0	3
361.0	0
371.0	395
381.0	1
391.0	0
401.0	0
411.0	0
421.0	8
431.0	0
441.0	1
451.0	1
461.0	6
471.0	0
481.0	0
491.0	21
501.0	0
--

Length	Count
266.0	54
276.0	0
286.0	89
296.0	3956
306.0	0
316.0	4
326.0	2132
336.0	11
346.0	21621
356.0	2
366.0	0
376.0	0
386.0	1
396.0	0
406.0	0
416.0	0
426.0	1
436.0	0
446.0	0
456.0	0
466.0	0
476.0	0
486.0	12
496.0	13
--

Length	Count
35.0	18379
45.0	3246
55.0	2614
65.0	840
75.0	1530
85.0	1031
95.0	3951
105.0	2004
115.0	917
125.0	248
135.0	2075
145.0	482
155.0	39
165.0	1049
175.0	677
185.0	727
195.0	743
205.0	1
215.0	0
225.0	5
235.0	0
245.0	417
255.0	0
265.0	145
275.0	0
285.0	2149
295.0	2693
305.0	6
315.0	177
325.0	137
335.0	6
345.0	26560
355.0	0
365.0	1
375.0	0
385.0	121
395.0	41
405.0	0
415.0	0
425.0	17
435.0	1
445.0	0
455.0	1
465.0	0
475.0	0
485.0	11
495.0	16
505.0	0
--

Length	Count
84.0	1150
94.0	2615
104.0	825
114.0	1805
124.0	4021
134.0	792
144.0	1171
154.0	797
164.0	192
174.0	1631
184.0	35
194.0	152
204.0	867
214.0	848
224.0	31
234.0	10
244.0	149
254.0	763
264.0	10
274.0	189
284.0	56
294.0	386
304.0	5474
314.0	28
324.0	10
334.0	33
344.0	18131
354.0	1
364.0	7
374.0	109
384.0	24
394.0	0
404.0	4
414.0	2
424.0	10
434.0	55
444.0	2
454.0	3
464.0	0
474.0	4
484.0	6
494.0	29
504.0	0
--

Length	Count
269.0	16
279.0	32
289.0	8531
299.0	837
309.0	9
319.0	786
329.0	1
339.0	2658
349.0	36993
359.0	5
369.0	2
379.0	0
389.0	0
399.0	0
409.0	0
419.0	2
429.0	0
439.0	0
449.0	5
459.0	0
469.0	2
479.0	0
489.0	24
499.0	0
--

Length	Count
263.0	6
273.0	18
283.0	12
293.0	50
303.0	7
313.0	0
323.0	9
333.0	32
343.0	59945
353.0	9
363.0	29
373.0	10
383.0	0
393.0	1
403.0	7
413.0	9
423.0	2
433.0	0
443.0	0
453.0	1
463.0	2
473.0	0
483.0	1
493.0	8
503.0	0
--

Length	Count
264.0	18
274.0	6
284.0	3
294.0	16
304.0	26
314.0	0
324.0	12
334.0	2
344.0	31904
354.0	7
364.0	8
374.0	1
384.0	0
394.0	0
404.0	7
414.0	0
424.0	4
434.0	0
444.0	0
454.0	0
464.0	0
474.0	0
484.0	0
494.0	7
504.0	0
--

Length	Count
264.0	361
274.0	15
284.0	384
294.0	416
304.0	133
314.0	8
324.0	3693
334.0	14
344.0	22468
354.0	2
364.0	8
374.0	69
384.0	13
394.0	28
404.0	844
414.0	0
424.0	6
434.0	0
444.0	5
454.0	48
464.0	0
474.0	1
484.0	2
494.0	30
504.0	0
--

Length	Count
250.0	315
260.0	66
270.0	1
280.0	8
290.0	175
300.0	2591
310.0	18
320.0	2289
330.0	10
340.0	35247
350.0	45
360.0	1
370.0	0
380.0	0
390.0	1
400.0	1
410.0	27
420.0	1
430.0	0
440.0	0
450.0	5
460.0	1
470.0	7
480.0	29
490.0	26
500.0	0
--

