Length	Count
348.0	22
358.0	11
368.0	0
378.0	9
388.0	1
398.0	3
408.0	7
418.0	5680
428.0	9
438.0	3
448.0	10335
458.0	358
468.0	0
478.0	1
488.0	46
498.0	0
--

Length	Count
334.0	18
344.0	8
354.0	0
364.0	1
374.0	0
384.0	0
394.0	2
404.0	1
414.0	17
424.0	14832
434.0	2
444.0	249
454.0	11190
464.0	0
474.0	0
484.0	3
494.0	7
504.0	0
--

Length	Count
352.0	4
362.0	1
372.0	0
382.0	2
392.0	0
402.0	0
412.0	0
422.0	832
432.0	0
442.0	4
452.0	5717
462.0	0
472.0	0
482.0	0
492.0	36
502.0	0
--

Length	Count
346.0	21
356.0	79
366.0	108
376.0	0
386.0	7
396.0	10
406.0	5
416.0	172
426.0	6670
436.0	1
446.0	10909
456.0	4028
466.0	1
476.0	0
486.0	5
496.0	1
--

Length	Count
58.0	80
68.0	207
78.0	99
88.0	290
98.0	282
108.0	277
118.0	322
128.0	569
138.0	193
148.0	350
158.0	130
168.0	389
178.0	60
188.0	1265
198.0	34
208.0	318
218.0	159
228.0	56
238.0	17
248.0	115
258.0	56
268.0	536
278.0	7
288.0	14
298.0	23
308.0	152
318.0	1
328.0	8
338.0	10
348.0	27
358.0	3
368.0	41
378.0	8
388.0	6
398.0	13
408.0	0
418.0	4814
428.0	4
438.0	1
448.0	10782
458.0	2985
468.0	11
478.0	0
488.0	151
498.0	0
--

Length	Count
347.0	3
357.0	26
367.0	3
377.0	3
387.0	4
397.0	4
407.0	0
417.0	192
427.0	4480
437.0	0
447.0	21621
457.0	5431
467.0	1
477.0	0
487.0	47
497.0	0
--

Length	Count
343.0	17
353.0	169
363.0	3
373.0	3
383.0	0
393.0	1
403.0	1
413.0	1
423.0	1142
433.0	0
443.0	20
453.0	7040
463.0	0
473.0	0
483.0	0
493.0	57
503.0	0
--

Length	Count
351.0	70
361.0	6
371.0	0
381.0	3
391.0	0
401.0	1
411.0	12
421.0	6248
431.0	9
441.0	10
451.0	40500
461.0	9
471.0	2
481.0	2
491.0	8
501.0	0
--

Length	Count
39.0	402
49.0	1145
59.0	46
69.0	108
79.0	333
89.0	88
99.0	96
109.0	65
119.0	39
129.0	133
139.0	87
149.0	44
159.0	49
169.0	23
179.0	29
189.0	14
199.0	10
209.0	2
219.0	4
229.0	1
239.0	2
249.0	25
259.0	3
269.0	0
279.0	5
289.0	2
299.0	3
309.0	0
319.0	2
329.0	1
339.0	2
349.0	0
359.0	1
369.0	4
379.0	0
389.0	4
399.0	0
409.0	1
419.0	1044
429.0	2
439.0	0
449.0	9182
459.0	300
469.0	0
479.0	0
489.0	71
499.0	0
--

Length	Count
345.0	19
355.0	9
365.0	94
375.0	4
385.0	18
395.0	4
405.0	8
415.0	13
425.0	1385
435.0	10
445.0	2229
455.0	6567
465.0	2
475.0	0
485.0	0
495.0	11
505.0	0
--

Length	Count
342.0	355
352.0	8
362.0	6
372.0	27
382.0	13
392.0	124
402.0	6
412.0	6
422.0	1896
432.0	1
442.0	9
452.0	14308
462.0	4
472.0	4
482.0	17
492.0	79
502.0	0
--

Length	Count
138.0	112
148.0	29
158.0	387
168.0	0
178.0	652
188.0	11
198.0	0
208.0	1
218.0	1
228.0	18
238.0	3
248.0	0
258.0	0
268.0	5
278.0	49
288.0	1
298.0	6
308.0	5
318.0	1
328.0	0
338.0	15
348.0	74
358.0	31
368.0	0
378.0	1
388.0	1
398.0	21
408.0	0
418.0	5126
428.0	6
438.0	0
448.0	5891
458.0	103
468.0	6
478.0	3
488.0	6
498.0	0
--

Length	Count
79.0	58
89.0	19
99.0	106
109.0	53
119.0	4
129.0	26
139.0	20
149.0	21
159.0	7
169.0	4
179.0	17
189.0	27
199.0	2
209.0	4
219.0	11
229.0	11
239.0	5
249.0	2
259.0	9
269.0	4
279.0	3
289.0	2
299.0	1
309.0	4
319.0	37
329.0	0
339.0	0
349.0	1
359.0	13
369.0	2
379.0	4
389.0	0
399.0	2
409.0	1
419.0	2478
429.0	0
439.0	2
449.0	9624
459.0	337
469.0	3
479.0	0
489.0	28
499.0	0
--

Length	Count
342.0	4
352.0	16
362.0	2
372.0	2
382.0	6
392.0	2
402.0	8
412.0	7
422.0	121
432.0	0
442.0	10
452.0	11908
462.0	1
472.0	1
482.0	2
492.0	52
502.0	0
--

Length	Count
346.0	10
356.0	1
366.0	0
376.0	0
386.0	0
396.0	1
406.0	5
416.0	29
426.0	550
436.0	2
446.0	31445
456.0	129
466.0	1
476.0	1
486.0	4
496.0	0
--

Length	Count
343.0	12
353.0	8
363.0	5
373.0	6
383.0	1
393.0	1
403.0	5
413.0	3
423.0	3075
433.0	1
443.0	58
453.0	18404
463.0	0
473.0	0
483.0	1
493.0	66
503.0	0
--

Length	Count
40.0	869
50.0	276
60.0	57
70.0	122
80.0	128
90.0	179
100.0	208
110.0	63
120.0	35
130.0	180
140.0	59
150.0	223
160.0	118
170.0	61
180.0	281
190.0	91
200.0	21
210.0	75
220.0	20
230.0	0
240.0	3
250.0	11
260.0	7
270.0	2
280.0	27
290.0	30
300.0	21
310.0	0
320.0	90
330.0	6
340.0	3
350.0	33
360.0	43
370.0	7
380.0	7
390.0	4
400.0	6
410.0	7
420.0	6096
430.0	0
440.0	6
450.0	8371
460.0	826
470.0	2
480.0	0
490.0	17
500.0	0
--

Length	Count
139.0	349
149.0	190
159.0	263
169.0	367
179.0	1683
189.0	96
199.0	194
209.0	70
219.0	8
229.0	0
239.0	63
249.0	23
259.0	30
269.0	123
279.0	180
289.0	7
299.0	63
309.0	6
319.0	0
329.0	49
339.0	0
349.0	5
359.0	34
369.0	7
379.0	0
389.0	0
399.0	9
409.0	10
419.0	11585
429.0	2
439.0	5
449.0	8799
459.0	178
469.0	0
479.0	0
489.0	49
499.0	0
--

Length	Count
321.0	25
331.0	9
341.0	9
351.0	45
361.0	22
371.0	1
381.0	8
391.0	5
401.0	0
411.0	1
421.0	2989
431.0	2
441.0	3
451.0	7689
461.0	21
471.0	1
481.0	0
491.0	39
501.0	0
--

Length	Count
373.0	52
383.0	1
393.0	11
403.0	4
413.0	2
423.0	7960
433.0	2
443.0	10
453.0	4239
463.0	5
473.0	6
483.0	6
493.0	53
503.0	0
--

Length	Count
40.0	276
50.0	23
60.0	4
70.0	3
80.0	7
90.0	3
100.0	19
110.0	33
120.0	11
130.0	14
140.0	20
150.0	8
160.0	14
170.0	23
180.0	14
190.0	8
200.0	0
210.0	12
220.0	10
230.0	10
240.0	1
250.0	27
260.0	5
270.0	4
280.0	86
290.0	35
300.0	14
310.0	1
320.0	2
330.0	0
340.0	1
350.0	106
360.0	1
370.0	11
380.0	4
390.0	10
400.0	9
410.0	20
420.0	3218
430.0	3
440.0	0
450.0	16444
460.0	2029
470.0	3
480.0	11
490.0	40
500.0	0
--

Length	Count
348.0	167
358.0	21
368.0	3
378.0	12
388.0	2
398.0	3
408.0	4
418.0	2123
428.0	18
438.0	3
448.0	15089
458.0	579
468.0	0
478.0	4
488.0	38
498.0	0
--

Length	Count
135.0	368
145.0	254
155.0	113
165.0	695
175.0	5632
185.0	251
195.0	33
205.0	74
215.0	53
225.0	27
235.0	59
245.0	82
255.0	161
265.0	489
275.0	98
285.0	69
295.0	64
305.0	12
315.0	203
325.0	40
335.0	60
345.0	70
355.0	13
365.0	606
375.0	47
385.0	20
395.0	3564
405.0	11
415.0	42
425.0	6175
435.0	2
445.0	5636
455.0	564
465.0	2
475.0	2
485.0	14
495.0	29
505.0	0
--

Length	Count
42.0	1512
52.0	377
62.0	66
72.0	225
82.0	61
92.0	105
102.0	612
112.0	16
122.0	22
132.0	140
142.0	23
152.0	35
162.0	117
172.0	506
182.0	15
192.0	36
202.0	6
212.0	0
222.0	266
232.0	14
242.0	21
252.0	5
262.0	77
272.0	12
282.0	15
292.0	13
302.0	72
312.0	24
322.0	3
332.0	0
342.0	1
352.0	27
362.0	2
372.0	2
382.0	2
392.0	15
402.0	3
412.0	8
422.0	12355
432.0	4
442.0	2
452.0	4026
462.0	3
472.0	0
482.0	0
492.0	5
502.0	0
--

Length	Count
39.0	915
49.0	151
59.0	64
69.0	90
79.0	21
89.0	44
99.0	115
109.0	45
119.0	22
129.0	14
139.0	34
149.0	23
159.0	20
169.0	27
179.0	49
189.0	13
199.0	10
209.0	14
219.0	1
229.0	2
239.0	3
249.0	2
259.0	6
269.0	9
279.0	5
289.0	7
299.0	1
309.0	5
319.0	2
329.0	9
339.0	6
349.0	6
359.0	28
369.0	7
379.0	13
389.0	2
399.0	3
409.0	9
419.0	3451
429.0	2
439.0	1
449.0	16513
459.0	286
469.0	2
479.0	0
489.0	36
499.0	0
--

Length	Count
342.0	76
352.0	104
362.0	61
372.0	101
382.0	29
392.0	1
402.0	92
412.0	107
422.0	1572
432.0	40
442.0	9
452.0	11110
462.0	19
472.0	4
482.0	0
492.0	51
502.0	0
--

Length	Count
339.0	68
349.0	0
359.0	2
369.0	2
379.0	51
389.0	9
399.0	8
409.0	4
419.0	3336
429.0	0
439.0	0
449.0	17094
459.0	334
469.0	0
479.0	0
489.0	25
499.0	0
--

Length	Count
346.0	54
356.0	79
366.0	11
376.0	10
386.0	0
396.0	7
406.0	2
416.0	31
426.0	4042
436.0	4
446.0	4573
456.0	4994
466.0	2
476.0	2
486.0	19
496.0	2
--

Length	Count
346.0	15
356.0	18
366.0	5
376.0	1
386.0	0
396.0	0
406.0	3
416.0	80
426.0	3196
436.0	0
446.0	5196
456.0	150
466.0	1
476.0	0
486.0	15
496.0	0
--

Length	Count
40.0	1440
50.0	278
60.0	89
70.0	178
80.0	31
90.0	61
100.0	373
110.0	19
120.0	25
130.0	54
140.0	22
150.0	9
160.0	338
170.0	92
180.0	270
190.0	25
200.0	6
210.0	3
220.0	23
230.0	4
240.0	1
250.0	3
260.0	35
270.0	5
280.0	15
290.0	38
300.0	1
310.0	6
320.0	25
330.0	4
340.0	4
350.0	21
360.0	13
370.0	6
380.0	2
390.0	2
400.0	23
410.0	15
420.0	4279
430.0	3
440.0	3
450.0	15586
460.0	816
470.0	0
480.0	0
490.0	44
500.0	0
--

Length	Count
140.0	77
150.0	1
160.0	25
170.0	4
180.0	1231
190.0	1
200.0	0
210.0	4
220.0	7
230.0	2
240.0	0
250.0	60
260.0	11
270.0	0
280.0	1
290.0	3
300.0	30
310.0	0
320.0	0
330.0	0
340.0	1
350.0	9
360.0	37
370.0	0
380.0	6
390.0	57
400.0	1958
410.0	0
420.0	10280
430.0	0
440.0	1
450.0	11836
460.0	512
470.0	1
480.0	6
490.0	55
500.0	0
--

Length	Count
409.0	1
419.0	26
429.0	0
439.0	2
449.0	21596
459.0	19
469.0	0
479.0	0
489.0	5
499.0	0
--

Length	Count
342.0	29
352.0	16
362.0	11
372.0	4
382.0	15
392.0	4
402.0	14
412.0	6
422.0	2944
432.0	0
442.0	26
452.0	36503
462.0	3
472.0	5
482.0	2
492.0	12
502.0	0
--

Length	Count
349.0	1
359.0	9
369.0	1
379.0	2
389.0	0
399.0	0
409.0	0
419.0	3609
429.0	1
439.0	0
449.0	5651
459.0	284
469.0	7
479.0	0
489.0	27
499.0	0
--

Length	Count
352.0	34
362.0	19
372.0	0
382.0	13
392.0	0
402.0	0
412.0	9
422.0	6040
432.0	0
442.0	5
452.0	6839
462.0	11
472.0	0
482.0	0
492.0	15
502.0	0
--

Length	Count
40.0	831
50.0	242
60.0	80
70.0	125
80.0	7
90.0	55
100.0	269
110.0	1
120.0	9
130.0	22
140.0	110
150.0	4
160.0	6
170.0	90
180.0	132
190.0	5
200.0	0
210.0	1
220.0	6
230.0	8
240.0	0
250.0	1
260.0	11
270.0	141
280.0	404
290.0	1
300.0	1
310.0	0
320.0	0
330.0	788
340.0	87
350.0	19
360.0	76
370.0	0
380.0	5
390.0	0
400.0	2
410.0	1
420.0	3790
430.0	0
440.0	3
450.0	19968
460.0	212
470.0	3
480.0	0
490.0	13
500.0	0
--

Length	Count
92.0	139
102.0	958
112.0	290
122.0	330
132.0	308
142.0	694
152.0	326
162.0	698
172.0	835
182.0	148
192.0	310
202.0	73
212.0	59
222.0	46
232.0	57
242.0	104
252.0	347
262.0	381
272.0	255
282.0	275
292.0	202
302.0	434
312.0	201
322.0	122
332.0	129
342.0	141
352.0	158
362.0	254
372.0	99
382.0	96
392.0	77
402.0	100
412.0	49
422.0	2579
432.0	97
442.0	35
452.0	16539
462.0	23
472.0	16
482.0	4
492.0	79
502.0	0
--

Length	Count
352.0	5
362.0	2
372.0	0
382.0	2
392.0	3
402.0	19
412.0	0
422.0	5046
432.0	3
442.0	20
452.0	31620
462.0	4
472.0	0
482.0	0
492.0	66
502.0	0
--

Length	Count
343.0	1
353.0	88
363.0	0
373.0	18
383.0	0
393.0	318
403.0	0
413.0	2
423.0	5082
433.0	0
443.0	45
453.0	15993
463.0	0
473.0	0
483.0	0
493.0	56
503.0	0
--

Length	Count
352.0	17
362.0	10
372.0	0
382.0	89
392.0	37
402.0	2
412.0	4
422.0	1049
432.0	13
442.0	18
452.0	18405
462.0	2
472.0	1
482.0	0
492.0	40
502.0	0
--

Length	Count
349.0	8
359.0	6
369.0	1
379.0	3
389.0	0
399.0	1
409.0	2
419.0	2858
429.0	1
439.0	1
449.0	7298
459.0	462
469.0	4
479.0	0
489.0	26
499.0	0
--

Length	Count
346.0	8
356.0	0
366.0	18
376.0	2
386.0	0
396.0	5
406.0	4
416.0	46
426.0	4469
436.0	2
446.0	27374
456.0	1341
466.0	5
476.0	1
486.0	11
496.0	0
--

Length	Count
346.0	11
356.0	58
366.0	26
376.0	0
386.0	0
396.0	0
406.0	1
416.0	58
426.0	923
436.0	2
446.0	11978
456.0	130
466.0	1
476.0	1
486.0	12
496.0	20
--

Length	Count
267.0	71
277.0	69
287.0	101
297.0	155
307.0	259
317.0	5
327.0	69
337.0	126
347.0	111
357.0	229
367.0	15
377.0	15
387.0	52
397.0	9
407.0	15
417.0	369
427.0	7895
437.0	11
447.0	10859
457.0	1079
467.0	3
477.0	1
487.0	38
497.0	0
--

Length	Count
342.0	10
352.0	54
362.0	1
372.0	3
382.0	10
392.0	3
402.0	0
412.0	2
422.0	4014
432.0	1
442.0	5
452.0	10946
462.0	6
472.0	7
482.0	0
492.0	29
502.0	0
--

Length	Count
322.0	11
332.0	11
342.0	6
352.0	56
362.0	3
372.0	9
382.0	17
392.0	2
402.0	3
412.0	3
422.0	3080
432.0	1
442.0	13
452.0	7729
462.0	11
472.0	1
482.0	0
492.0	36
502.0	0
--

Length	Count
327.0	20
337.0	3
347.0	7
357.0	87
367.0	49
377.0	6
387.0	21
397.0	6
407.0	0
417.0	284
427.0	6101
437.0	0
447.0	13153
457.0	5563
467.0	3
477.0	2
487.0	6
497.0	0
--

Length	Count
344.0	8
354.0	30
364.0	3
374.0	0
384.0	3
394.0	3
404.0	4
414.0	4
424.0	2660
434.0	0
444.0	482
454.0	18471
464.0	1
474.0	0
484.0	2
494.0	41
504.0	0
--

Length	Count
346.0	9
356.0	11
366.0	0
376.0	5
386.0	109
396.0	1
406.0	3
416.0	22
426.0	739
436.0	1
446.0	7012
456.0	225
466.0	0
476.0	0
486.0	7
496.0	1
--

Length	Count
321.0	116
331.0	5
341.0	4
351.0	21
361.0	2
371.0	3
381.0	8
391.0	4
401.0	3
411.0	1
421.0	2155
431.0	2
441.0	2
451.0	4103
461.0	4
471.0	0
481.0	0
491.0	14
501.0	0
--

Length	Count
373.0	2
383.0	4
393.0	59
403.0	3
413.0	3
423.0	1996
433.0	1
443.0	55
453.0	20206
463.0	0
473.0	0
483.0	0
493.0	23
503.0	0
--

Length	Count
343.0	21
353.0	90
363.0	3
373.0	7
383.0	0
393.0	0
403.0	11
413.0	20
423.0	875
433.0	1
443.0	29
453.0	17677
463.0	0
473.0	3
483.0	2
493.0	55
503.0	0
--

Length	Count
79.0	29
89.0	29
99.0	322
109.0	17
119.0	18
129.0	21
139.0	29
149.0	10
159.0	93
169.0	34
179.0	111
189.0	17
199.0	33
209.0	2
219.0	1
229.0	0
239.0	2
249.0	53
259.0	30
269.0	124
279.0	6
289.0	7
299.0	48
309.0	15
319.0	3
329.0	0
339.0	0
349.0	10
359.0	2
369.0	16
379.0	5
389.0	50
399.0	0
409.0	6
419.0	5829
429.0	1
439.0	1
449.0	8649
459.0	1464
469.0	0
479.0	1
489.0	15
499.0	0
--

Length	Count
40.0	1175
50.0	325
60.0	56
70.0	145
80.0	34
90.0	57
100.0	163
110.0	14
120.0	19
130.0	23
140.0	9
150.0	26
160.0	38
170.0	3
180.0	61
190.0	13
200.0	2
210.0	3
220.0	8
230.0	0
240.0	6
250.0	9
260.0	9
270.0	2
280.0	7
290.0	2
300.0	0
310.0	1
320.0	8
330.0	2
340.0	2
350.0	9
360.0	4
370.0	5
380.0	3
390.0	1
400.0	1
410.0	2
420.0	1588
430.0	0
440.0	0
450.0	2650
460.0	148
470.0	0
480.0	1
490.0	24
500.0	0
--

Length	Count
330.0	4
340.0	5
350.0	13
360.0	1
370.0	1
380.0	1
390.0	1
400.0	0
410.0	0
420.0	5868
430.0	0
440.0	3
450.0	7066
460.0	481
470.0	3
480.0	1
490.0	14
500.0	0
--

Length	Count
349.0	2
359.0	2
369.0	1
379.0	0
389.0	1
399.0	0
409.0	2
419.0	1646
429.0	0
439.0	2
449.0	14541
459.0	18
469.0	0
479.0	0
489.0	54
499.0	0
--

Length	Count
83.0	406
93.0	321
103.0	853
113.0	355
123.0	204
133.0	164
143.0	302
153.0	108
163.0	188
173.0	549
183.0	255
193.0	118
203.0	50
213.0	73
223.0	94
233.0	6
243.0	16
253.0	57
263.0	9
273.0	34
283.0	117
293.0	60
303.0	11
313.0	115
323.0	499
333.0	65
343.0	9
353.0	84
363.0	1
373.0	28
383.0	69
393.0	179
403.0	10
413.0	16
423.0	8382
433.0	5
443.0	41
453.0	12630
463.0	1
473.0	2
483.0	25
493.0	43
503.0	0
--

Length	Count
41.0	224
51.0	73
61.0	14
71.0	50
81.0	2
91.0	5
101.0	102
111.0	0
121.0	6
131.0	12
141.0	16
151.0	1
161.0	18
171.0	0
181.0	27
191.0	0
201.0	1
211.0	1
221.0	2
231.0	0
241.0	0
251.0	0
261.0	7
271.0	1
281.0	13
291.0	0
301.0	0
311.0	0
321.0	1
331.0	75
341.0	1
351.0	0
361.0	0
371.0	0
381.0	0
391.0	0
401.0	0
411.0	0
421.0	266
431.0	1
441.0	0
451.0	1106
461.0	0
471.0	0
481.0	0
491.0	7
501.0	0
--

Length	Count
357.0	20
367.0	0
377.0	1
387.0	0
397.0	0
407.0	0
417.0	2
427.0	101
437.0	0
447.0	29662
457.0	35
467.0	1
477.0	0
487.0	5
497.0	0
--

Length	Count
343.0	4
353.0	15
363.0	1
373.0	1
383.0	2
393.0	0
403.0	3
413.0	4
423.0	5988
433.0	0
443.0	18
453.0	9659
463.0	0
473.0	0
483.0	1
493.0	3
503.0	0
--

Length	Count
112.0	222
122.0	110
132.0	155
142.0	307
152.0	3
162.0	97
172.0	131
182.0	17
192.0	38
202.0	0
212.0	14
222.0	0
232.0	1
242.0	1
252.0	92
262.0	13
272.0	3
282.0	0
292.0	0
302.0	29
312.0	2
322.0	0
332.0	8
342.0	0
352.0	25
362.0	2
372.0	0
382.0	17
392.0	7
402.0	0
412.0	36
422.0	4659
432.0	2
442.0	8
452.0	9902
462.0	0
472.0	0
482.0	1
492.0	22
502.0	0
--

Length	Count
328.0	18
338.0	1
348.0	60
358.0	13
368.0	1
378.0	0
388.0	1
398.0	3
408.0	1
418.0	7393
428.0	6
438.0	0
448.0	11866
458.0	387
468.0	0
478.0	0
488.0	20
498.0	0
--

Length	Count
118.0	32
128.0	39
138.0	40
148.0	28
158.0	29
168.0	11
178.0	73
188.0	40
198.0	9
208.0	6
218.0	11
228.0	0
238.0	8
248.0	16
258.0	8
268.0	5
278.0	6
288.0	8
298.0	2
308.0	1
318.0	6
328.0	1
338.0	2
348.0	8
358.0	24
368.0	3
378.0	1
388.0	4
398.0	10
408.0	1
418.0	1467
428.0	1
438.0	2
448.0	3052
458.0	178
468.0	17
478.0	0
488.0	33
498.0	0
--

Length	Count
81.0	573
91.0	2473
101.0	788
111.0	182
121.0	131
131.0	248
141.0	517
151.0	11
161.0	7
171.0	85
181.0	322
191.0	148
201.0	4
211.0	1
221.0	11
231.0	25
241.0	0
251.0	261
261.0	9
271.0	30
281.0	0
291.0	43
301.0	0
311.0	0
321.0	0
331.0	29
341.0	1
351.0	0
361.0	7
371.0	16
381.0	2
391.0	1
401.0	2
411.0	19
421.0	7722
431.0	2
441.0	8
451.0	14991
461.0	6
471.0	0
481.0	0
491.0	29
501.0	0
--

Length	Count
42.0	756
52.0	225
62.0	85
72.0	194
82.0	23
92.0	57
102.0	663
112.0	15
122.0	2
132.0	102
142.0	8
152.0	50
162.0	16
172.0	403
182.0	153
192.0	37
202.0	62
212.0	14
222.0	0
232.0	0
242.0	16
252.0	40
262.0	0
272.0	58
282.0	5
292.0	6
302.0	32
312.0	25
322.0	36
332.0	21
342.0	38
352.0	5
362.0	0
372.0	1
382.0	147
392.0	0
402.0	0
412.0	1
422.0	1633
432.0	1
442.0	6
452.0	17018
462.0	4
472.0	0
482.0	0
492.0	18
502.0	0
--

Length	Count
40.0	933
50.0	321
60.0	104
70.0	241
80.0	96
90.0	50
100.0	408
110.0	132
120.0	53
130.0	66
140.0	77
150.0	156
160.0	328
170.0	87
180.0	306
190.0	41
200.0	33
210.0	23
220.0	7
230.0	10
240.0	7
250.0	196
260.0	12
270.0	9
280.0	22
290.0	9
300.0	30
310.0	2
320.0	4
330.0	328
340.0	25
350.0	17
360.0	206
370.0	3
380.0	4
390.0	2
400.0	17
410.0	3
420.0	820
430.0	1
440.0	2
450.0	12775
460.0	292
470.0	1
480.0	0
490.0	72
500.0	0
--

Length	Count
343.0	1
353.0	13
363.0	0
373.0	6
383.0	6
393.0	1
403.0	15
413.0	22
423.0	109
433.0	17
443.0	29
453.0	8021
463.0	2
473.0	4
483.0	0
493.0	48
503.0	0
--

Length	Count
37.0	604
47.0	356
57.0	35
67.0	101
77.0	24
87.0	278
97.0	104
107.0	0
117.0	482
127.0	607
137.0	80
147.0	10
157.0	0
167.0	0
177.0	291
187.0	45
197.0	1
207.0	0
217.0	62
227.0	22
237.0	9
247.0	1
257.0	0
267.0	83
277.0	11
287.0	8
297.0	0
307.0	288
317.0	0
327.0	1
337.0	22
347.0	69
357.0	0
367.0	0
377.0	7
387.0	12
397.0	0
407.0	0
417.0	177
427.0	5068
437.0	0
447.0	13564
457.0	2174
467.0	0
477.0	0
487.0	27
497.0	0
--

Length	Count
40.0	1616
50.0	357
60.0	118
70.0	281
80.0	63
90.0	159
100.0	654
110.0	57
120.0	69
130.0	36
140.0	57
150.0	90
160.0	284
170.0	66
180.0	526
190.0	91
200.0	40
210.0	37
220.0	18
230.0	2
240.0	4
250.0	7
260.0	10
270.0	4
280.0	105
290.0	0
300.0	1
310.0	5
320.0	215
330.0	10
340.0	4
350.0	77
360.0	55
370.0	11
380.0	17
390.0	26
400.0	2
410.0	7
420.0	7147
430.0	2
440.0	3
450.0	7086
460.0	531
470.0	2
480.0	0
490.0	27
500.0	0
--

Length	Count
343.0	30
353.0	66
363.0	19
373.0	7
383.0	10
393.0	4
403.0	2
413.0	5
423.0	3442
433.0	3
443.0	23
453.0	7701
463.0	43
473.0	0
483.0	1
493.0	29
503.0	0
--

Length	Count
39.0	1771
49.0	364
59.0	104
69.0	166
79.0	57
89.0	108
99.0	446
109.0	96
119.0	15
129.0	40
139.0	123
149.0	11
159.0	24
169.0	3
179.0	198
189.0	32
199.0	5
209.0	6
219.0	9
229.0	2
239.0	2
249.0	6
259.0	9
269.0	50
279.0	4
289.0	27
299.0	3
309.0	3
319.0	3
329.0	0
339.0	8
349.0	12
359.0	8
369.0	2
379.0	8
389.0	0
399.0	3
409.0	4
419.0	2413
429.0	7
439.0	1
449.0	12330
459.0	464
469.0	0
479.0	0
489.0	29
499.0	0
--

Length	Count
112.0	252
122.0	121
132.0	119
142.0	229
152.0	63
162.0	107
172.0	452
182.0	283
192.0	85
202.0	177
212.0	33
222.0	39
232.0	23
242.0	0
252.0	32
262.0	32
272.0	39
282.0	17
292.0	31
302.0	15
312.0	3
322.0	15
332.0	175
342.0	0
352.0	39
362.0	0
372.0	3
382.0	1
392.0	4
402.0	2
412.0	11
422.0	3550
432.0	37
442.0	6
452.0	8175
462.0	4
472.0	0
482.0	0
492.0	20
502.0	0
--

Length	Count
359.0	15
369.0	5
379.0	0
389.0	0
399.0	50
409.0	3
419.0	492
429.0	0
439.0	2
449.0	8585
459.0	107
469.0	0
479.0	0
489.0	53
499.0	0
--

Length	Count
40.0	1327
50.0	308
60.0	94
70.0	217
80.0	10
90.0	33
100.0	514
110.0	29
120.0	8
130.0	49
140.0	85
150.0	7
160.0	157
170.0	2
180.0	196
190.0	0
200.0	0
210.0	5
220.0	1
230.0	11
240.0	11
250.0	0
260.0	0
270.0	0
280.0	29
290.0	0
300.0	2
310.0	2
320.0	1
330.0	0
340.0	48
350.0	1
360.0	0
370.0	6
380.0	1
390.0	18
400.0	0
410.0	0
420.0	15720
430.0	1
440.0	1
450.0	5736
460.0	463
470.0	0
480.0	1
490.0	13
500.0	0
--

Length	Count
83.0	29
93.0	35
103.0	882
113.0	26
123.0	56
133.0	236
143.0	66
153.0	624
163.0	126
173.0	432
183.0	141
193.0	118
203.0	26
213.0	6
223.0	76
233.0	26
243.0	9
253.0	199
263.0	204
273.0	47
283.0	74
293.0	11
303.0	4
313.0	8
323.0	3
333.0	45
343.0	22
353.0	25
363.0	12
373.0	0
383.0	273
393.0	4
403.0	2
413.0	6
423.0	1260
433.0	7
443.0	56
453.0	23462
463.0	1
473.0	2
483.0	2
493.0	29
503.0	0
--

Length	Count
36.0	23730
46.0	12784
56.0	1128
66.0	3386
76.0	1898
86.0	890
96.0	2146
106.0	1732
116.0	443
126.0	174
136.0	469
146.0	849
156.0	694
166.0	1291
176.0	360
186.0	317
196.0	273
206.0	68
216.0	168
226.0	339
236.0	12
246.0	49
256.0	271
266.0	122
276.0	76
286.0	68
296.0	129
306.0	51
316.0	25
326.0	304
336.0	72
346.0	178
356.0	52
366.0	25
376.0	8
386.0	55
396.0	11
406.0	28
416.0	32
426.0	5380
436.0	3
446.0	11635
456.0	1514
466.0	8
476.0	7
486.0	20
496.0	4
--

Length	Count
349.0	18
359.0	2
369.0	8
379.0	9
389.0	3
399.0	9
409.0	11
419.0	507
429.0	2
439.0	3
449.0	32121
459.0	140
469.0	1
479.0	1
489.0	4
499.0	0
--

Length	Count
59.0	88
69.0	140
79.0	127
89.0	164
99.0	1914
109.0	273
119.0	45
129.0	405
139.0	1031
149.0	8
159.0	371
169.0	37
179.0	570
189.0	430
199.0	12
209.0	107
219.0	280
229.0	0
239.0	3
249.0	2
259.0	161
269.0	0
279.0	0
289.0	0
299.0	15
309.0	0
319.0	0
329.0	0
339.0	0
349.0	0
359.0	2
369.0	4
379.0	172
389.0	0
399.0	1
409.0	0
419.0	3678
429.0	0
439.0	0
449.0	12264
459.0	46
469.0	156
479.0	0
489.0	27
499.0	0
--

Length	Count
346.0	100
356.0	1
366.0	1
376.0	3
386.0	1
396.0	2
406.0	0
416.0	13
426.0	86
436.0	2
446.0	27183
456.0	145
466.0	0
--

Length	Count
355.0	9
365.0	3
375.0	0
385.0	3
395.0	0
405.0	0
415.0	4
425.0	697
435.0	0
445.0	3155
455.0	7790
465.0	0
475.0	0
485.0	1
495.0	19
505.0	0
--

Length	Count
388.0	14
398.0	6
408.0	0
418.0	20458
428.0	13
438.0	2
448.0	4617
458.0	126
468.0	0
478.0	0
488.0	22
498.0	0
--

Length	Count
352.0	28
362.0	2
372.0	2
382.0	1
392.0	0
402.0	0
412.0	11
422.0	1071
432.0	1
442.0	17
452.0	30797
462.0	1
472.0	0
482.0	0
492.0	24
502.0	0
--

Length	Count
360.0	2
370.0	0
380.0	1
390.0	1
400.0	1
410.0	10
420.0	926
430.0	2
440.0	3
450.0	14432
460.0	31
470.0	0
480.0	0
490.0	26
500.0	0
--

Length	Count
97.0	417
107.0	334
117.0	108
127.0	964
137.0	1300
147.0	291
157.0	452
167.0	110
177.0	1773
187.0	404
197.0	425
207.0	167
217.0	77
227.0	450
237.0	228
247.0	202
257.0	237
267.0	330
277.0	200
287.0	70
297.0	584
307.0	324
317.0	152
327.0	141
337.0	32
347.0	466
357.0	135
367.0	145
377.0	1219
387.0	106
397.0	90
407.0	76
417.0	110
427.0	1974
437.0	17
447.0	2507
457.0	6699
467.0	47
477.0	34
487.0	29
497.0	0
--

Length	Count
345.0	13
355.0	11
365.0	9
375.0	1
385.0	3
395.0	4
405.0	1
415.0	2
425.0	684
435.0	2
445.0	953
455.0	2805
465.0	0
475.0	0
485.0	1
495.0	6
--

Length	Count
332.0	4
342.0	114
352.0	293
362.0	5
372.0	6
382.0	0
392.0	5
402.0	8
412.0	0
422.0	12077
432.0	5
442.0	5
452.0	9942
462.0	11
472.0	6
482.0	1
492.0	10
502.0	0
--

Length	Count
40.0	987
50.0	205
60.0	62
70.0	93
80.0	13
90.0	33
100.0	258
110.0	16
120.0	39
130.0	131
140.0	5
150.0	55
160.0	190
170.0	1
180.0	95
190.0	45
200.0	0
210.0	24
220.0	46
230.0	0
240.0	1
250.0	6
260.0	48
270.0	6
280.0	5
290.0	13
300.0	25
310.0	47
320.0	1
330.0	0
340.0	0
350.0	1
360.0	4
370.0	3
380.0	9
390.0	1
400.0	1
410.0	0
420.0	4362
430.0	0
440.0	0
450.0	4624
460.0	19
470.0	0
480.0	0
490.0	4
500.0	0
--

Length	Count
343.0	26
353.0	1
363.0	2
373.0	0
383.0	0
393.0	2
403.0	1
413.0	0
423.0	3740
433.0	0
443.0	9
453.0	2572
463.0	0
473.0	2
483.0	2
493.0	12
503.0	0
--

Length	Count
39.0	595
49.0	85
59.0	17
69.0	24
79.0	27
89.0	17
99.0	124
109.0	283
119.0	123
129.0	53
139.0	56
149.0	20
159.0	14
169.0	33
179.0	26
189.0	4
199.0	0
209.0	2
219.0	19
229.0	55
239.0	4
249.0	3
259.0	247
269.0	0
279.0	1
289.0	13
299.0	21
309.0	9
319.0	4
329.0	3
339.0	11
349.0	6
359.0	42
369.0	6
379.0	32
389.0	12
399.0	10
409.0	0
419.0	9324
429.0	10
439.0	0
449.0	8425
459.0	2187
469.0	2
479.0	0
489.0	27
499.0	0
--

Length	Count
40.0	3915
50.0	1339
60.0	310
70.0	1128
80.0	82
90.0	518
100.0	1896
110.0	58
120.0	79
130.0	246
140.0	97
150.0	14
160.0	1
170.0	12
180.0	1081
190.0	22
200.0	1
210.0	5
220.0	18
230.0	0
240.0	0
250.0	0
260.0	2
270.0	4
280.0	0
290.0	1
300.0	1
310.0	4
320.0	9
330.0	0
340.0	2
350.0	1
360.0	5
370.0	1
380.0	0
390.0	0
400.0	0
410.0	1
420.0	3966
430.0	0
440.0	4
450.0	4579
460.0	139
470.0	0
480.0	0
490.0	30
500.0	0
--

Length	Count
343.0	5
353.0	14
363.0	0
373.0	8
383.0	2
393.0	102
403.0	0
413.0	40
423.0	599
433.0	7
443.0	48
453.0	18637
463.0	4
473.0	2
483.0	0
493.0	135
503.0	0
--

Length	Count
322.0	11
332.0	2
342.0	0
352.0	16
362.0	8
372.0	3
382.0	3
392.0	2
402.0	0
412.0	0
422.0	3886
432.0	1
442.0	5
452.0	5490
462.0	29
472.0	0
482.0	1
492.0	46
502.0	0
--

Length	Count
343.0	22
353.0	34
363.0	17
373.0	8
383.0	3
393.0	3
403.0	3
413.0	12
423.0	314
433.0	4
443.0	27
453.0	14003
463.0	9
473.0	2
483.0	2
493.0	13
503.0	0
--

Length	Count
113.0	44
123.0	3
133.0	22
143.0	86
153.0	14
163.0	50
173.0	82
183.0	36
193.0	7
203.0	0
213.0	0
223.0	0
233.0	0
243.0	30
253.0	25
263.0	13
273.0	28
283.0	0
293.0	24
303.0	9
313.0	9
323.0	1
333.0	2
343.0	1
353.0	2
363.0	0
373.0	0
383.0	1
393.0	20
403.0	0
413.0	1
423.0	926
433.0	1
443.0	7
453.0	4977
463.0	0
473.0	0
483.0	0
493.0	21
503.0	0
--

Length	Count
352.0	3
362.0	0
372.0	2
382.0	14
392.0	1
402.0	5
412.0	1
422.0	19842
432.0	0
442.0	6
452.0	3113
462.0	1
472.0	0
482.0	1
492.0	15
502.0	0
--

Length	Count
82.0	4
92.0	5
102.0	32
112.0	0
122.0	0
132.0	0
142.0	2
152.0	1
162.0	2
172.0	11
182.0	0
192.0	0
202.0	0
212.0	0
222.0	0
232.0	0
242.0	2
252.0	3
262.0	0
272.0	0
282.0	2
292.0	0
302.0	0
312.0	0
322.0	1
332.0	1
342.0	0
352.0	0
362.0	0
372.0	0
382.0	0
392.0	0
402.0	0
412.0	0
422.0	37
432.0	0
442.0	0
452.0	198
462.0	0
472.0	0
482.0	0
492.0	2
502.0	0
--

